[DuckDB]
db_path=/home/florent/Téléchargements/test.db

[OvertureMaps]
xmin=-70.656810
xmax=-70.646591
ymin=-33.455774
ymax=-33.450945
release=2024-04-16-beta.0