[DuckDB]
db_path=/Users/florent/Downloads/my_base.db

[OverturesMaps]
xmin=-0.775293
xmax=-0.765073
ymin=48.069480
ymax=48.073348
release=2024-04-16-beta.0

